257.8
235.54666666666665
443.7733333333333
222.32
295.8933333333333
302.41333333333336
326.50666666666666
274.97333333333336
317.93333333333334
285.73333333333335
159.22666666666666
318.58666666666664
257.37333333333333
191.02666666666667
209.2
263.56
287.73333333333335
213.30666666666667
230.2
192.42666666666668
200.4
329.14666666666665
266.7733333333333
268.74666666666667
121.88
197.76
200.30666666666667
229.93333333333334
289.17333333333335
307.87975056689345
211.06666666666666
198.8
238.29333333333332
222.64
267.96
192.21333333333334
188.91757369614513
205.2
229.64
302.84
251.24
231.09333333333333
205.73333333333332
193.21333333333334
227.02666666666667
283.5733333333333
284.4
288.62666666666667
151.44
249.98666666666668
235.49333333333334
227.76
227.88
205.34666666666666
204.50666666666666
221.24
241.44
193.46666666666667
172.48632653061225
277.04
225.14666666666668
190.18526077097505
257.84
240.4
227.06666666666666
313.6842176870748
286.7866666666667
243.12
232.13333333333333
297.2933560090703
218.6933560090703
221.36
227.52
199.9934693877551
231.06666666666666
216.12
237.2
231.82666666666665
199.08
260.24
249.08045351473922
195.8266439909297
207.71938775510205
216.31879818594103
178.42666666666668
210.97333333333333
225.97333333333333
197.90666666666667
225.25333333333333
247.43766439909297
194.08784580498866
231.82553287981858
170.85818594104308
254.61551020408163
162.39882086167802
242.0964172335601
219.76222222222222
191.82204081632653
318.58666666666664
250.62666666666667
204.50666666666666
197.4366439909297
199.08
218.22757369614513
225.93333333333334
238.64
271.56
247.42666666666668
219.14666666666668
238.80510204081634
226.73884353741497
155.33714285714285
204.50666666666666
235.49278911564625
227.39514739229026
189.48609977324264
210.97333333333333
203.80798185941043
233.64
193.46666666666667
214.14766439909297
221.25333333333333
207.71938775510205
233.2
247.62666666666667
211.47519274376418
223.5460090702948
164.44151927437642
224.84
214.28956916099773
192.78990929705216
237.49333333333334
233.93333333333334
357.26666666666665
199.98666666666668
244.50666666666666
225.98310657596372
206.69333333333333
244.96
214.48
241.58666666666667
216.77333333333334
299.96
242.01333333333332
178.14666666666668
210.50984126984127
202.33333333333334
195.92
334.36
247.62666666666667
258.52
212.33333333333334
227.84
191.02666666666667
238.84
216.4363038548753
243.14666666666668
153.94666666666666
220.8
202.61333333333334
145.68
340.9066666666667
221.52
213.75
